999.1007853039685
571.859232861017
358.212375783011
233.0099237476875
157.3002990707944
111.43774467436025
83.40453667344389
65.77920106107057
54.56253500379663
50.22340380052273
60.79228474520228
123.82355719404165
187.39584358674165
135.10455327982277
151.05270319010125
213.63184112429767
346.80923889460325
619.1644464419546
1202.674031339803
2555.1625531931913
599.411278983718
303.5029234386295
188.1204864676166
125.29843364277339
86.77978960566423
62.2930726876448
45.78443143868198
33.52940115833431
25.198079468974118
21.96682181479937
26.538935385006845
52.20946303396055
55.95738359259903
47.71810221792831
60.011082137820466
95.14428801863683
172.69442691825734
332.69929360194027
668.2266678834087
1429.7961281809562
541.234284202434
211.1325938786171
118.3904380229459
77.75882305123523
54.61723042993668
39.00421571992541
25.021086562990856
15.311926836258822
11.388834377661555
10.643261763476579
14.41160111156006
20.222105780336843
14.134424536158454
15.991849412858707
22.16124518915402
38.51978374460262
81.57617896313984
181.94737021174078
393.4742525414792
857.5329514532314
719.2775208377524
206.4364729494024
94.39620517157991
56.75886530033328
38.769124398205456
25.385577255021808
13.658185883654554
8.57569858719304
6.126278382018077
5.323138981667118
6.678080283314417
5.472313304473074
5.680132528926676
8.262468219292165
11.67855537106594
18.583050068033607
39.401936369849835
99.34972063856534
238.94503098761436
538.4440989185996
540.8975413465425
250.83280587783563
94.75246349584043
48.675637448261796
29.56006398700389
17.288018482112896
10.300700518716358
6.7176729819685725
4.3027673207753505
3.5090012289686134
2.8197100991147916
2.297659257520915
3.1995151598593963
5.663858951750443
8.712871238372204
13.122417907222179
24.361346055964965
59.55015453779378
151.34008652418964
349.6277666233967
307.0185384077128
243.34004089916328
102.42532747349914
47.34599422739665
24.03684955661537
10.983394516802308
7.038637546367264
5.788270063356169
4.104211605629333
2.4177731039749237
2.6073434352079863
2.294480108111517
2.8678969464580604
4.9026281536099265
7.766941435161248
11.832893746427354
20.05812563485289
43.32298929728047
104.90593507609283
237.71201683588149
218.0279636566085
159.88408749711647
77.15528474838325
45.95060768939579
23.391579266835656
8.702723076682261
5.124070976726873
4.815746963236484
2.435099497431798
1.5492563235779835
2.2940142881661973
2.5023253669871544
2.6811902079609706
5.439436805995971
7.978377194664963
12.226697731290823
19.862445086095445
38.15479140398283
81.97495844719306
173.6600215188465
139.14652121433033
77.5960887754527
37.67892536727435
28.75185007408149
21.753606645585812
9.222912397743132
5.703904469263884
4.829119457616957
2.8644416785551723
2.1832525490409225
1.3990524534818285
2.29112331704529
3.679850217239988
5.352860114810778
8.417557962942992
13.302287183103136
21.497167440030964
38.156485698038956
72.20394897855151
140.5271069515353
70.52065214145273
38.66012491072887
17.387690901979948
12.721372655958481
10.856168837387628
8.128149634534422
4.471065438990153
4.187765349161851
4.018675387190614
3.4706870496627835
2.0569291322974586
1.6434297369798259
2.8807079897507375
5.024266385306786
8.319826743907893
14.373204845111818
24.206499840232652
41.70176305070874
72.85470020364808
132.97474836968246
40.09873002040979
26.575343570438722
11.227077332626298
7.410729507037079
6.629937789688621
4.4103033288033195
1.9553856403928407
2.7453828496247046
3.671204102986652
2.2995861205943156
5.53002653927197
3.3086537180469118
3.564470031180105
4.794482114039752
8.5066431852967
16.532920705026626
29.982948700128826
52.49867348821741
90.24557447738813
162.32677619279363
23.380389364082443
14.934369908514032
10.776355703627367
6.5637493106321205
7.564290577002146
5.452524993313638
2.7363083310867196
1.7292201248491161
3.38072266475458
7.209419242249042
8.284882602444664
4.803541319132696
3.892646069900279
7.126877790455864
12.915602225311105
24.958082713978563
46.958334454832126
85.06197429725322
150.96653704027472
283.63090433491215
16.21371177065198
7.9911604171081905
3.615855357321546
4.431493452306876
7.213055975452114
9.311972225933598
3.73049002359096
2.5461896334413807
3.916557940417057
4.487521103436314
6.520708016317716
7.353139666226909
9.158650323790134
15.970851620785613
27.821655845031398
51.16212537817786
99.16355605314692
195.50759740890663
387.90146825765066
828.6427442957853
15.678815478172961
7.9971086601575525
4.888542320840012
5.270532555216607
5.229661138157973
11.648591668936007
6.708139256986042
4.800158328734882
2.7949590155796433
4.1179629168931635
6.739176870337531
8.171055732139655
12.150878587430707
22.458478622783392
46.82492740837051
100.22438635258031
222.9068245711345
540.2825217555638
1407.4943287386723
3340.1813268286373
19.74710440067054
11.212878459626177
7.021630094454679
4.765411042806641
7.160912056628285
6.54805267769917
4.778488652575145
4.237769949138996
3.5182830504515854
5.9976560502488505
10.156581188562532
11.958217928822714
16.788486310357587
27.86295701723295
53.8486184796871
114.74045421445723
242.61483043991606
455.4937336375797
780.4273790758643
1388.7361934515136
31.1933345880242
20.434291672755094
15.7258556356855
21.00145061546071
8.11347530488121
4.9350594009011335
3.080619860944829
2.241519742653006
5.42004474607365
7.29139354047521
13.824725680498819
16.759287685205315
21.707735402115667
32.23044303937376
56.25105174087243
112.49784944258549
229.0671338008131
415.8998523119555
711.3647864754773
1319.655200124054
65.27950430640236
56.42417960977944
100.98947712054088
24.356669945366118
7.383015038063576
5.051022281382932
6.176138980725295
3.7342734903415455
10.949842716868492
14.784026883915942
23.495101977162808
25.159612620624593
29.536846496197878
40.20052882340596
64.45051530626993
121.31500454344908
246.83486552543604
472.7955127884653
854.1597333431904
1662.9697754793708
213.4648461102051
323.1990008459602
59.51179121507915
17.391299268413867
7.952668780073998
4.6929484860262916
1.8900153750120698
4.218716167294871
8.515624828987157
21.675927390710616
42.073649557057436
43.90974668668418
46.246301620376244
57.998764605669635
85.77834230945645
150.45591959892823
300.0814899136038
608.4887644777976
1191.5798137806867
2467.2867191668092
551.5643950135803
148.72332472420896
50.767853556196805
21.63868012904295
11.314261613130746
7.272164696543037
6.284510952539098
7.938819781110666
12.568035016016342
24.34466286322768
56.56219879590607
87.58266921900072
87.07427385932861
100.41020437070557
136.92059158703586
220.7848077568941
416.51711003229093
864.3400778607295
1844.0953498102142
4124.5824151150455
350.79840513014875
140.45446693644274
63.410593801333086
32.52234995093505
19.308239660187787
13.700104059407767
12.370552363699895
14.263903669317731
19.60679079771551
32.50867501585403
70.08433204759861
157.14342205410446
193.29286546723586
210.73228919031243
265.6619476817874
391.21743491730706
677.3239986758272
1372.4859559577865
3117.663559859785
7559.306333089191
